39.94426809919236 -104.94474985717818 1606.0
   0.00  0.000000e+00  4.425272e-06  5.857918e-04  1.00000000 -0.00000000  0.00000000  0.00000000  0.99998750 -0.00499998  0.00000000  0.00499998  0.99998750  9.997813e+01
   0.25  0.000000e+00  4.830236e-03  6.401674e-01  1.00000000 -0.00000000  0.00000000  0.00000000  0.99998750 -0.00499998  0.00000000  0.00499998  0.99998750  9.927813e+01
   0.50  0.000000e+00  1.878108e-02  2.492095e+00  1.00000000 -0.00000000  0.00000000  0.00000000  0.99998750 -0.00499998  0.00000000  0.00499998  0.99998750  9.857813e+01
   0.75  0.000000e+00  4.191318e-02  5.568188e+00  1.00000000 -0.00000000  0.00000000  0.00000000  0.99998750 -0.00499998  0.00000000  0.00499998  0.99998750  9.787813e+01
   1.00  0.000000e+00  7.427775e-02  9.879662e+00  1.00000000 -0.00000000  0.00000000  0.00000000  0.99998750 -0.00499998  0.00000000  0.00499998  0.99998750  9.717813e+01
   1.25  0.000000e+00  1.159208e-01  1.543709e+01  1.00000000 -0.00000000  0.00000000  0.00000000  0.99998750 -0.00499998  0.00000000  0.00499998  0.99998750  9.647813e+01
   1.50  0.000000e+00  1.668830e-01  2.225039e+01  1.00000000 -0.00000000  0.00000000  0.00000000  0.99998750 -0.00499998  0.00000000  0.00499998  0.99998750  9.577813e+01
   1.75  0.000000e+00  2.271993e-01  3.032877e+01  1.00000000 -0.00000000  0.00000000  0.00000000  0.99998750 -0.00499998  0.00000000  0.00499998  0.99998750  9.507813e+01
   2.00  0.000000e+00  2.968991e-01  3.968072e+01  1.00000000 -0.00000000  0.00000000  0.00000000  0.99998750 -0.00499998  0.00000000  0.00499998  0.99998750  9.437813e+01
   2.25  0.000000e+00  3.760055e-01  5.031398e+01  1.00000000 -0.00000000  0.00000000  0.00000000  0.99998750 -0.00499998  0.00000000  0.00499998  0.99998750  9.367813e+01
   2.50  0.000000e+00  4.645359e-01  6.223552e+01  1.00000000 -0.00000000  0.00000000  0.00000000  0.99998750 -0.00499998  0.00000000  0.00499998  0.99998750  9.297813e+01
   2.75  0.000000e+00  5.625012e-01  7.545153e+01  1.00000000 -0.00000000  0.00000000  0.00000000  0.99998750 -0.00499998  0.00000000  0.00499998  0.99998750  9.227813e+01
   3.00  0.000000e+00  6.699063e-01  8.996737e+01  1.00000000 -0.00000000  0.00000000  0.00000000  0.99998750 -0.00499998  0.00000000  0.00499998  0.99998750  9.157813e+01
   3.25  0.000000e+00  7.867495e-01  1.057876e+02  1.00000000 -0.00000000  0.00000000  0.00000000  0.99998750 -0.00499998  0.00000000  0.00499998  0.99998750  9.087813e+01
   3.50  0.000000e+00  9.130226e-01  1.229159e+02  1.00000000 -0.00000000  0.00000000  0.00000000  0.99998750 -0.00499998  0.00000000  0.00499998  0.99998750  9.017813e+01
   3.75  0.000000e+00  1.048711e+00  1.413551e+02  1.00000000 -0.00000000  0.00000000  0.00000000  0.99998750 -0.00499998  0.00000000  0.00499998  0.99998750  8.947813e+01
   4.00  0.000000e+00  1.193794e+00  1.611073e+02  1.00000000 -0.00000000  0.00000000  0.00000000  0.99998750 -0.00499998  0.00000000  0.00499998  0.99998750  8.877813e+01
   4.25  0.000000e+00  1.348243e+00  1.821735e+02  1.00000000 -0.00000000  0.00000000  0.00000000  0.99998750 -0.00499998  0.00000000  0.00499998  0.99998750  8.807813e+01
   4.50  0.000000e+00  1.512024e+00  2.045541e+02  1.00000000 -0.00000000  0.00000000  0.00000000  0.99998750 -0.00499998  0.00000000  0.00499998  0.99998750  8.737813e+01
   4.75  0.000000e+00  1.685097e+00  2.282485e+02  1.00000000 -0.00000000  0.00000000  0.00000000  0.99998750 -0.00499998  0.00000000  0.00499998  0.99998750  8.667813e+01
   5.00  6.872859e-10  1.867416e+00  2.532552e+02  1.00000000 -0.00000000  0.00000000  0.00000000  0.99998750 -0.00499998  0.00000000  0.00499998  0.99998750  8.597813e+01
   5.25  3.378787e-05  2.058925e+00  2.795720e+02  1.00000000 -0.00000000  0.00000000  0.00000000  0.99998750 -0.00499998  0.00000000  0.00499998  0.99998750  8.527813e+01
   5.50  2.648360e-04  2.259567e+00  3.071957e+02  1.00000000 -0.00000000  0.00000000  0.00000000  0.99998750 -0.00499998  0.00000000  0.00499998  0.99998750  8.457813e+01
   5.75  9.019703e-04  2.469276e+00  3.361225e+02  1.00000000 -0.00000000  0.00000000  0.00000000  0.99998750 -0.00499998  0.00000000  0.00499998  0.99998750  8.387813e+01
   6.00  2.172542e-03  2.687981e+00  3.663476e+02  1.00000000 -0.00000000  0.00000000  0.00000000  0.99998750 -0.00499998  0.00000000  0.00499998  0.99998750  8.317813e+01
   6.25  4.322124e-03  2.915605e+00  3.978656e+02  1.00000000 -0.00000000  0.00000000  0.00000000  0.99998750 -0.00499998  0.00000000  0.00499998  0.99998750  8.247813e+01
   6.50  7.614139e-03  3.152065e+00  4.306701e+02  1.00000000 -0.00000000  0.00000000  0.00000000  0.99998750 -0.00499998  0.00000000  0.00499998  0.99998750  8.177813e+01
   6.75  1.232941e-02  3.397274e+00  4.647542e+02  1.00000000 -0.00000000  0.00000000  0.00000000  0.99998750 -0.00499998  0.00000000  0.00499998  0.99998750  8.107813e+01
   7.00  1.876573e-02  3.651139e+00  5.001103e+02  1.00000000 -0.00000000  0.00000000  0.00000000  0.99998750 -0.00499998  0.00000000  0.00499998  0.99998750  8.037813e+01
   7.25  2.723728e-02  3.913564e+00  5.367299e+02  1.00000000 -0.00000000  0.00000000  0.00000000  0.99998750 -0.00499998  0.00000000  0.00499998  0.99998750  7.967813e+01
   7.50  4.081947e-02  4.183467e+00  5.746042e+02  1.00000000 -0.00000000  0.00000000  0.00000000  0.99998750 -0.00499998  0.00000000  0.00499998  0.99998750  7.897813e+01
   7.75  6.939431e-02  4.457489e+00  6.137235e+02  1.00000000 -0.00000000  0.00000000  0.00000000  0.99998750 -0.00499998  0.00000000  0.00499998  0.99998750  7.827813e+01
   8.00  1.141955e-01  4.735503e+00  6.540779e+02  1.00000000 -0.00000110 -0.00001606  0.00000102  0.99998753 -0.00499465  0.00001606  0.00499465  0.99998753  7.757813e+01
   8.25  1.775515e-01  5.017073e+00  6.956566e+02  0.99999999 -0.00000686 -0.00009980  0.00000636  0.99998766 -0.00496748  0.00009983  0.00496748  0.99998766  7.687813e+01
   8.50  2.617720e-01  5.301822e+00  7.384576e+02  0.99999998 -0.00001488 -0.00021676  0.00001381  0.99998784 -0.00493078  0.00021683  0.00493078  0.99998782  7.617813e+01
   8.75  3.667245e-01  5.591831e+00  7.828337e+02  0.99999993 -0.00002538 -0.00036993  0.00002357  0.99998807 -0.00488422  0.00037005  0.00488421  0.99998800  7.547813e+01
   9.00  4.936257e-01  5.887940e+00  8.289687e+02  0.99999984 -0.00003857 -0.00056269  0.00003586  0.99998835 -0.00482736  0.00056287  0.00482734  0.99998819  7.477813e+01
   9.25  6.451879e-01  6.189637e+00  8.768552e+02  0.99999968 -0.00005471 -0.00079896  0.00005091  0.99998867 -0.00475964  0.00079921  0.00475960  0.99998835  7.407813e+01
   9.50  8.245671e-01  6.496290e+00  9.264824e+02  0.99999941 -0.00007408 -0.00108324  0.00006901  0.99998904 -0.00468037  0.00108357  0.00468029  0.99998846  7.337813e+01
   9.75  1.035414e+00  6.807137e+00  9.778352e+02  0.99999899 -0.00009701 -0.00142072  0.00009049  0.99998947 -0.00458870  0.00142115  0.00458857  0.99998846  7.267813e+01
  10.00  1.281901e+00  7.121288e+00  1.030895e+03  0.99999834 -0.00012387 -0.00181730  0.00011572  0.99998994 -0.00448363  0.00181784  0.00448341  0.99998830  7.197813e+01
  10.25  1.555922e+00  7.440499e+00  1.085638e+03  0.99999744 -0.00015343 -0.00225543  0.00014358  0.99999044 -0.00436928  0.00225607  0.00436894  0.99998791  7.127813e+01
  10.50  1.849303e+00  7.766300e+00  1.142038e+03  0.99999629 -0.00018450 -0.00271722  0.00017296  0.99999096 -0.00424941  0.00271798  0.00424892  0.99998728  7.057813e+01
  10.75  2.165099e+00  8.097632e+00  1.200064e+03  0.99999484 -0.00021729 -0.00320598  0.00020407  0.99999148 -0.00412299  0.00320685  0.00412232  0.99998636  6.987813e+01
  11.00  2.506690e+00  8.433315e+00  1.259682e+03  0.99999303 -0.00025204 -0.00372551  0.00023718  0.99999202 -0.00398881  0.00372649  0.00398790  0.99998510  6.917813e+01
  11.25  2.877654e+00  8.772071e+00  1.320855e+03  0.99999080 -0.00028904 -0.00427991  0.00027258  0.99999257 -0.00384554  0.00428099  0.00384434  0.99998345  6.847813e+01
  11.50  3.282100e+00  9.112444e+00  1.383542e+03  0.99998807 -0.00032862 -0.00487420  0.00031062  0.99999314 -0.00369157  0.00487537  0.00369002  0.99998131  6.777813e+01
  11.75  3.724485e+00  9.452843e+00  1.447699e+03  0.99998473 -0.00037116 -0.00551393  0.00035173  0.99999372 -0.00352511  0.00551520  0.00352312  0.99997858  6.707813e+01
  12.00  4.209791e+00  9.791492e+00  1.513282e+03  0.99998066 -0.00041712 -0.00620558  0.00039637  0.99999433 -0.00334406  0.00620694  0.00334154  0.99997515  6.637813e+01
  12.25  4.743574e+00  1.012642e+01  1.580243e+03  0.99997569 -0.00046700 -0.00695660  0.00044512  0.99999495 -0.00314602  0.00695803  0.00314285  0.99997085  6.567813e+01
  12.50  5.332070e+00  1.045543e+01  1.648532e+03  0.99996963 -0.00052140 -0.00777558  0.00049865  0.99999559 -0.00292823  0.00777707  0.00292426  0.99996548  6.497813e+01
  12.75  5.982219e+00  1.077608e+01  1.718100e+03  0.99996223 -0.00058102 -0.00867234  0.00055774  0.99999623 -0.00268751  0.00867387  0.00268257  0.99995878  6.427813e+01
  13.00  6.701936e+00  1.108562e+01  1.788897e+03  0.99995315 -0.00064666 -0.00965837  0.00062331  0.99999688 -0.00242019  0.00965991  0.00241405  0.99995043  6.357813e+01
  13.25  7.500169e+00  1.138098e+01  1.860871e+03  0.99994199 -0.00071925 -0.01074695  0.00069648  0.99999751 -0.00212201  0.01074845  0.00211440  0.99994000  6.287813e+01
  13.50  8.387061e+00  1.165870e+01  1.933971e+03  0.99992824 -0.00079986 -0.01195341  0.00077854  0.99999810 -0.00178810  0.01195481  0.00177866  0.99992696  6.217813e+01
  13.75  9.374309e+00  1.191484e+01  2.008147e+03  0.99991121 -0.00088975 -0.01329575  0.00087104  0.99999862 -0.00141273  0.01329699  0.00140102  0.99991061  6.147813e+01
  14.00  1.047502e+01  1.214502e+01  2.083350e+03  0.99989007 -0.00099034 -0.01479441  0.00097581  0.99999903 -0.00098945  0.01479538  0.00097491  0.99989007  6.077813e+01
  14.25  1.170453e+01  1.234415e+01  2.159532e+03  0.99986369 -0.00110329 -0.01647365  0.00109503  0.99999927 -0.00051062  0.01647420  0.00049251  0.99986417  6.007813e+01
  14.50  1.307903e+01  1.250689e+01  2.236644e+03  0.99983070 -0.00123033 -0.01835898  0.00123112  0.99999924  0.00003178  0.01835893 -0.00005438  0.99983146  5.937813e+01
  14.75  1.460959e+01  1.262951e+01  2.314643e+03  0.99978961 -0.00137237 -0.02046584  0.00138581  0.99999883  0.00064262  0.02046494 -0.00067084  0.99979035  5.867813e+01
  15.00  1.630626e+01  1.270859e+01  2.393484e+03  0.99973872 -0.00153007 -0.02280695  0.00156071  0.99999790  0.00132588  0.02280487 -0.00136113  0.99973901  5.797813e+01
  15.25  1.818262e+01  1.273982e+01  2.473126e+03  0.99967590 -0.00170433 -0.02540067  0.00175790  0.99999628  0.00208696  0.02539701 -0.00213094  0.99967517  5.727813e+01
  15.50  2.025703e+01  1.271801e+01  2.553529e+03  0.99959844 -0.00189617 -0.02827309  0.00197987  0.99999374  0.00293258  0.02826735 -0.00298738  0.99959593  5.657813e+01
  15.75  2.255110e+01  1.263704e+01  2.634673e+03  0.99950297 -0.00210671 -0.03145444  0.00222955  0.99999002  0.00387073  0.03144597 -0.00393894  0.99949769  5.587813e+01
  16.00  2.509101e+01  1.248962e+01  2.716599e+03  0.99938533 -0.00233716 -0.03497864  0.00251044  0.99998479  0.00491074  0.03496663 -0.00499554  0.99937600  5.517813e+01
  16.25  2.790368e+01  1.226769e+01  2.799277e+03  0.99924039 -0.00258881 -0.03888375  0.00282667  0.99997762  0.00606331  0.03886718 -0.00616862  0.99922535  5.447813e+01
  16.50  3.101880e+01  1.196223e+01  2.882669e+03  0.99906181 -0.00286299 -0.04321220  0.00318308  0.99996799  0.00734053  0.04318980 -0.00747119  0.99903895  5.377813e+01
  16.75  3.446944e+01  1.156311e+01  2.966736e+03  0.99884179 -0.00316097 -0.04801132  0.00358537  0.99995524  0.00875597  0.04798149 -0.00891797  0.99880841  5.307813e+01
  17.00  3.829252e+01  1.105900e+01  3.051443e+03  0.99857066 -0.00348400 -0.05333385  0.00404022  0.99993854  0.01032484  0.05329460 -0.01052556  0.99852336  5.237813e+01
  17.25  4.252924e+01  1.043720e+01  3.136757e+03  0.99823649 -0.00383314 -0.05923858  0.00455551  0.99991685  0.01206410  0.05918741 -0.01231269  0.99817095  5.167813e+01
  17.50  4.722561e+01  9.683470e+00  3.222646e+03  0.99782455 -0.00420923 -0.06579101  0.00514053  0.99988888  0.01399266  0.06572480 -0.01430042  0.99773531  5.097813e+01
  17.75  5.242197e+01  8.784104e+00  3.308878e+03  0.99731665 -0.00461270 -0.07306314  0.00580620  0.99985302  0.01613128  0.07297799 -0.01651221  0.99719685  5.027813e+01
  18.00  5.810563e+01  7.737425e+00  3.394528e+03  0.99669098 -0.00504306 -0.08112745  0.00656473  0.99980729  0.01850076  0.08101852 -0.01897212  0.99653202  4.999375e+01
  18.25  6.413367e+01  6.574451e+00  3.477473e+03  0.99592274 -0.00549796 -0.09004257  0.00742836  0.99974940  0.02111764  0.08990390 -0.02170041  0.99571401  4.999375e+01
  18.50  7.052149e+01  5.290389e+00  3.557774e+03  0.99498380 -0.00597340 -0.09985770  0.00840979  0.99967669  0.02399552  0.09968208 -0.02471494  0.99471235  4.999375e+01
  18.75  7.730461e+01  3.875338e+00  3.635679e+03  0.99384122 -0.00646433 -0.11062481  0.00952362  0.99958604  0.02714862  0.11040352 -0.02803496  0.99349137  4.999375e+01
  19.00  8.451920e+01  2.318832e+00  3.711394e+03  0.99245665 -0.00696454 -0.12239809  0.01078659  0.99947376  0.03059158  0.12212063 -0.03168108  0.99200951  4.999375e+01
  19.25  9.220215e+01  6.098738e-01  3.785092e+03  0.99078566 -0.00746639 -0.13523327  0.01221782  0.99933555  0.03433928  0.13488702 -0.03567513  0.99021855  4.999375e+01
  19.50  1.003910e+02 -1.263064e+00  3.856913e+03  0.98877696 -0.00796065 -0.14918696  0.01383909  0.99916636  0.03840657  0.14875685 -0.04004015  0.98806284  4.999375e+01
  19.75  1.091242e+02 -3.312033e+00  3.926979e+03  0.98637166 -0.00843633 -0.16431608  0.01567523  0.99896034  0.04280803  0.16378410 -0.04480032  0.98547841  4.999375e+01
  20.00  1.184406e+02 -5.549619e+00  3.995390e+03  0.98350238 -0.00888047 -0.18067707  0.01775452  0.99871069  0.04755774  0.18002179 -0.04998099  0.98239201  4.999375e+01
  20.25  1.283793e+02 -7.988958e+00  4.062230e+03  0.98009259 -0.00927890 -0.19832400  0.02011001  0.99840952  0.05266898  0.19751986 -0.05560878  0.97872037  4.999375e+01
  20.50  1.389778e+02 -1.064376e+01  4.127569e+03  0.97605637 -0.00961843 -0.21730497  0.02278228  0.99804764  0.05815391  0.21632136 -0.06171220  0.97436989  4.999375e+01
  20.75  1.502743e+02 -1.352831e+01  4.191463e+03  0.97129684 -0.00988407 -0.23766523  0.02581759  0.99761440  0.06402305  0.23646544 -0.06832133  0.96923490  4.999375e+01
  21.00  1.623078e+02 -1.665750e+01  4.253960e+03  0.96570509 -0.01005826 -0.25944654  0.02926795  0.99709751  0.07028476  0.25798656 -0.07546782  0.96319652  4.999375e+01
  21.25  1.751184e+02 -2.004683e+01  4.315095e+03  0.95915928 -0.01012099 -0.28268541  0.03319210  0.99648272  0.07694460  0.28091237 -0.08318505  0.95612159  4.999375e+01
  21.50  1.887464e+02 -2.371245e+01  4.374894e+03  0.95152373 -0.01004990 -0.30741112  0.03765665  0.99575358  0.08400465  0.30526149 -0.09150849  0.94786160  4.999375e+01
  21.75  2.032320e+02 -2.767116e+01  4.433373e+03  0.94264814 -0.00982048 -0.33364358  0.04273728  0.99489101  0.09146258  0.33104079 -0.10047605  0.93825186  4.999375e+01
  22.00  2.186154e+02 -3.194049e+01  4.490542e+03  0.93236695 -0.00940637 -0.36139090  0.04852028  0.99387282  0.09931065  0.35824244 -0.11012876  0.92711057  4.999375e+01
  22.25  2.349360e+02 -3.653868e+01  4.546401e+03  0.92049883 -0.00877981 -0.39064666  0.05510431  0.99267309  0.10753445  0.38684029 -0.12051165  0.91423822  4.999375e+01
  22.50  2.522323e+02 -4.148478e+01  4.600941e+03  0.90684647 -0.00791226 -0.42138684  0.06260258  0.99126135  0.11611138  0.41678578 -0.13167510  0.89941719  4.999375e+01
  22.75  2.705412e+02 -4.679870e+01  4.654147e+03  0.89119673 -0.00677526 -0.45356642  0.07114552  0.98960148  0.12500891  0.44800303 -0.14367675  0.88241163  4.999375e+01
  23.00  2.898975e+02 -5.250134e+01  4.705994e+03  0.87332118 -0.00534151 -0.48711557  0.08088418  0.98765016  0.13418237  0.48038304 -0.15658425  0.86296785  4.999375e+01
  23.25  3.103332e+02 -5.861474e+01  4.756452e+03  0.85297738 -0.00358626 -0.52193556  0.09199453  0.98535475  0.14357235  0.51377680 -0.17047918  0.84081523  4.999375e+01
  23.50  3.318770e+02 -6.516227e+01  4.805479e+03  0.82991075 -0.00148897 -0.55789420  0.10468302  0.98265019  0.15310148  0.54798688 -0.18546262  0.81566782  4.999375e+01
  23.75  3.545533e+02 -7.216892e+01  4.853028e+03  0.80385748  0.00096484 -0.59482117  0.11919380  0.97945452  0.16267047  0.58275723 -0.20166287  0.78722684  4.999375e+01
  24.00  3.783715e+02 -7.965766e+01  4.899050e+03  0.77454830  0.00378153 -0.63250346  0.13581855  0.97566213  0.17215323  0.61776067 -0.21924670  0.75518384  4.999375e+01
  24.25  4.032298e+02 -8.760756e+01  4.943558e+03  0.74170311  0.00695478 -0.67069228  0.15492147  0.97113102  0.18139428  0.65259163 -0.23844534  0.71921345  4.999375e+01
  24.50  4.289617e+02 -9.596917e+01  4.986615e+03  0.70501315  0.01045981 -0.70911709  0.17698569  0.96565936  0.19020533  0.68675507 -0.25960084  0.67895131  4.999375e+01
  24.75  4.554104e+02 -1.046945e+02  5.028291e+03  0.66414015  0.01425561 -0.74747217  0.20265193  0.95895266  0.19834817  0.71961800 -0.28320766  0.63399003  4.999375e+01
  25.00  4.824353e+02 -1.137394e+02  5.068657e+03  0.61872579  0.01829507 -0.78539397  0.23275929  0.95057322  0.20550830  0.75033426 -0.30996103  0.58388582  4.999375e+01
  25.25  5.099129e+02 -1.230651e+02  5.107781e+03  0.56840961  0.02254685 -0.82243672  0.26839151  0.93985936  0.21125903  0.77773807 -0.34081670  0.52817371  4.999375e+01
  25.50  5.376778e+02 -1.325988e+02  5.145774e+03  0.51285572  0.02703640 -0.85804898  0.31092891  0.92579294  0.21501311  0.80018887 -0.37706294  0.46639181  4.999375e+01
  25.75  5.653646e+02 -1.421185e+02  5.182944e+03  0.45175603  0.03190173 -0.89157095  0.36218032  0.90674505  0.21596025  0.81531706 -0.42047080  0.39807337  4.999375e+01
  26.00  5.929219e+02 -1.515927e+02  5.219325e+03  0.38492034  0.03756265 -0.92218511  0.42430227  0.88012412  0.21295331  0.81963645 -0.47325530  0.32283976  4.999375e+01
  26.25  6.203445e+02 -1.610195e+02  5.254913e+03  0.31245729  0.04496839 -0.94886684  0.49947691  0.84187552  0.20437324  0.80801811 -0.53779498  0.24058948  4.999375e+01
  26.50  6.476268e+02 -1.703971e+02  5.289706e+03  0.23502552  0.05589098 -0.97038096  0.58933246  0.78571419  0.18799061  0.77294906 -0.61605959  0.15172451  4.999375e+01
  26.75  6.747628e+02 -1.797232e+02  5.323698e+03  0.15430408  0.07326890 -0.98530296  0.69361557  0.70215993  0.16083804  0.70362469 -0.70823943  0.05752569  4.999375e+01
  27.00  7.017414e+02 -1.889941e+02  5.356878e+03  0.07386039  0.10143928 -0.99209612  0.80746409  0.57775072  0.11918828  0.58527462 -0.80988529 -0.03923568  4.999375e+01
  27.25  7.283623e+02 -1.981394e+02  5.389002e+03  0.00058014  0.14576006 -0.98931980  0.91636115  0.39599903  0.05888132  0.40035223 -0.90660839 -0.13333912  4.999375e+01
  27.50  7.545308e+02 -2.071258e+02  5.419962e+03 -0.05366109  0.21054001 -0.97611136  0.98940159  0.14329332 -0.02348440  0.13492583 -0.96702633 -0.21599789  4.999375e+01
  27.75  7.802604e+02 -2.159583e+02  5.449785e+03 -0.07154364  0.29425929 -0.95304406  0.97576749 -0.17743953 -0.12803520 -0.20678324 -0.93910952 -0.27443398  4.999375e+01
  28.00  8.055720e+02 -2.246441e+02  5.478505e+03 -0.03463964  0.38255272 -0.92328409  0.81465983 -0.52432623 -0.24781317 -0.57890367 -0.76074662 -0.29348786  4.999375e+01
  28.25  8.304973e+02 -2.331943e+02  5.506170e+03  0.06373985  0.44483377 -0.89334212  0.47255492 -0.80189825 -0.36558316 -0.87899322 -0.39885100 -0.26132126  4.999375e+01
  28.50  8.550758e+02 -2.416230e+02  5.532835e+03  0.20250493  0.44574565 -0.87195331 -0.00373833 -0.89004296 -0.45586134 -0.97927411  0.09557382 -0.17857174  4.999375e+01
  28.75  8.793379e+02 -2.499407e+02  5.558540e+03  0.33339430  0.37182862 -0.86636696 -0.47798885 -0.72541694 -0.49527459 -0.81263454  0.57923547 -0.06411994  4.999375e+01
  29.00  9.032869e+02 -2.581487e+02  5.583299e+03  0.40900802  0.24751611 -0.87832125 -0.80219975 -0.36125416 -0.47536406 -0.43495747  0.89901680  0.05080151  4.999375e+01
  29.25  9.269135e+02 -2.662437e+02  5.607109e+03  0.41215073  0.11820845 -0.90341493 -0.91095582  0.07203636 -0.40616531  0.01706655  0.99037242  0.13737251  4.999375e+01
  29.50  9.502183e+02 -2.742260e+02  5.629980e+03  0.35633923  0.02014251 -0.93413952 -0.83386383  0.45790295 -0.30821422  0.42153703  0.88877397  0.17996489  4.999375e+01
  29.75  9.732156e+02 -2.821006e+02  5.651935e+03  0.26639234 -0.03233445 -0.96332217 -0.64115749  0.74030529 -0.20215128  0.71968895  0.67149278  0.17648018  4.999375e+01
  30.00  9.959273e+02 -2.898752e+02  5.673003e+03  0.16326697 -0.04096426 -0.98573111 -0.39501881  0.91283975 -0.10336219  0.90404869  0.40625796  0.13285493  4.999375e+01
  30.25  1.018376e+03 -2.975578e+02  5.693214e+03  0.06027975 -0.01366016 -0.99808805 -0.13383304  0.99076753 -0.02164284  0.98916888  0.13488178  0.05789504  4.999375e+01
  30.50  1.040579e+03 -3.051545e+02  5.712590e+03 -0.03454139  0.04162064 -0.99853624  0.12336116  0.99166933  0.03706711  0.99176051 -0.12190024 -0.03938801  4.999375e+01
  30.75  1.062548e+03 -3.126690e+02  5.731148e+03 -0.11508936  0.11889878 -0.98621373  0.36745994  0.92748101  0.06893600  0.92289091 -0.35446024 -0.15043374  4.999375e+01
  31.00  1.084285e+03 -3.201027e+02  5.748898e+03 -0.17473719  0.21378071 -0.96112680  0.59121355  0.80336566  0.07120506  0.78735853 -0.55578901 -0.26676791  4.999375e+01
  31.25  1.105792e+03 -3.274558e+02  5.765847e+03 -0.20516183  0.32179321 -0.92431475  0.78343539  0.62005410  0.04197505  0.58663244 -0.71552920 -0.37931562  4.999375e+01
  31.50  1.127069e+03 -3.347285e+02  5.782003e+03 -0.19659304  0.43596465 -0.87822890  0.92537175  0.37857341 -0.01921710  0.32409613 -0.81646616 -0.47785427  4.999375e+01
  31.75  1.148118e+03 -3.419216e+02  5.797373e+03 -0.13996321  0.54423078 -0.82717782  0.99008074  0.08727130 -0.11010831  0.01226455 -0.83438395 -0.55104719  4.999375e+01
  32.00  1.168946e+03 -3.490376e+02  5.811970e+03 -0.03142458  0.62803201 -0.77755275  0.94707755 -0.22993523 -0.22399534 -0.31946302 -0.74344171 -0.58756940  4.999375e+01
  32.25  1.189567e+03 -3.560813e+02  5.825810e+03  0.12148974  0.66445484 -0.73738729  0.77435840 -0.52820452 -0.34838063 -0.62097449 -0.52867737 -0.57869761  4.999375e+01
  32.50  1.210001e+03 -3.630597e+02  5.838912e+03  0.29541473  0.63382494 -0.71483990  0.47566621 -0.74648008 -0.46530543 -0.82853593 -0.20256711 -0.52201032  4.999375e+01
  32.75  1.230275e+03 -3.699823e+02  5.851300e+03  0.45375463  0.53091533 -0.71570640  0.09289764 -0.82695376 -0.55454260 -0.88627127  0.18513883 -0.42455488  4.999375e+01
  33.00  1.250414e+03 -3.768575e+02  5.862994e+03  0.55874778  0.37247015 -0.74099049 -0.29989320 -0.74226977 -0.59924925 -0.77321729  0.55704720 -0.30304032  4.999375e+01
  33.25  1.270411e+03 -3.836835e+02  5.873995e+03  0.58713620  0.19338720 -0.78604865 -0.62330077 -0.51157126 -0.59143131 -0.51649514  0.83719546 -0.17982361  4.999375e+01
  33.50  1.290249e+03 -3.904539e+02  5.884297e+03  0.53846377  0.03248722 -0.84202218 -0.82349356 -0.19156226 -0.53400585 -0.17864804  0.98094265 -0.07639632  4.999375e+01
  33.75  1.309917e+03 -3.971652e+02  5.893900e+03  0.43087371 -0.08197749 -0.89868100 -0.88608715  0.15013429 -0.43853079  0.17087249  0.98526107 -0.00795029  4.999375e+01
  34.00  1.329413e+03 -4.038165e+02  5.902808e+03  0.28989303 -0.13820534 -0.94702762 -0.82847238  0.45917453 -0.32061234  0.47916130  0.87752951  0.01861219  4.999375e+01
  34.25  1.348742e+03 -4.104095e+02  5.911029e+03  0.13884078 -0.13802497 -0.98064894 -0.68257064  0.70411807 -0.19574234  0.71750997  0.69653919  0.00354851  4.999375e+01
  34.50  1.367913e+03 -4.169474e+02  5.918572e+03 -0.00528633 -0.09064788 -0.99586898 -0.48065278  0.87352733 -0.07696044  0.87689507  0.47826035 -0.04818791  4.999375e+01
  34.75  1.386936e+03 -4.234343e+02  5.925446e+03 -0.13157505 -0.00739246 -0.99127865 -0.24865873  0.96824790  0.02578443  0.95961286  0.24988268 -0.12923546  4.999375e+01
  35.00  1.405824e+03 -4.298737e+02  5.931661e+03 -0.23316707  0.10117599 -0.96715900 -0.00537671  0.99442338  0.10532440  0.97242183  0.02975832 -0.23132279  4.999375e+01
  35.25  1.424582e+03 -4.362681e+02  5.937223e+03 -0.30521854  0.22607756 -0.92505707  0.23555861  0.95914612  0.15668715  0.92268835 -0.17008134 -0.34600369  4.999375e+01
  35.50  1.443214e+03 -4.426187e+02  5.942137e+03 -0.34357406  0.35954851 -0.86757232  0.46298284  0.86859179  0.17662158  0.81707023 -0.34098851 -0.46489040  4.999375e+01
  35.75  1.461719e+03 -4.489251e+02  5.946407e+03 -0.34429863  0.49412321 -0.79831116  0.66587176  0.72795386  0.16339514  0.66187102 -0.47531614 -0.57965621  4.999375e+01
  36.00  1.480094e+03 -4.551865e+02  5.950038e+03 -0.30402705  0.62160319 -0.72192591  0.83181511  0.54260393  0.11689570  0.46438258 -0.56496942 -0.68202520  4.999375e+01
  36.25  1.498337e+03 -4.614018e+02  5.953032e+03 -0.22105370  0.73227595 -0.64413290  0.94659655  0.32005353  0.03899635  0.23471310 -0.60111369 -0.76391890  4.999375e+01
  36.50  1.516445e+03 -4.675705e+02  5.955394e+03 -0.09700438  0.81478850 -0.57158539  0.99520632  0.07223329 -0.06592982 -0.01243137 -0.57524087 -0.81788960  4.999375e+01
  36.75  1.534420e+03 -4.736927e+02  5.957129e+03  0.06129971  0.85711087 -0.51147171  0.96452852 -0.18269028 -0.19054918 -0.25676268 -0.48164844 -0.83790674  4.999375e+01
  37.00  1.552263e+03 -4.797693e+02  5.958241e+03  0.24053609  0.84884516 -0.47074864  0.84749617 -0.42009096 -0.32445928 -0.47317294 -0.32091351 -0.82044006  4.999375e+01
  37.25  1.569980e+03 -4.858022e+02  5.958736e+03  0.42114976  0.78458541 -0.45503694  0.64762321 -0.61137652 -0.45475590 -0.63499374 -0.10317215 -0.76559680  4.999375e+01
  37.50  1.587577e+03 -4.917937e+02  5.958618e+03  0.57998673  0.66720071 -0.46739555  0.38188322 -0.72948897 -0.56746018 -0.71956973  0.15062886 -0.67788668  4.999375e+01
  37.75  1.605063e+03 -4.977462e+02  5.957891e+03  0.69509980  0.50932548 -0.50736951  0.07977525 -0.75603246 -0.64965439 -0.71447336  0.41109911 -0.56614958  4.999375e+01
  38.00  1.622440e+03 -5.036613e+02  5.956559e+03  0.75115455  0.33171153 -0.57073138 -0.22218723 -0.68708991 -0.69176606 -0.62161055  0.64643245 -0.44240865  4.999375e+01
  38.25  1.639709e+03 -5.095389e+02  5.954625e+03  0.74309932  0.15859043 -0.65011728 -0.48885738 -0.53477309 -0.68922870 -0.45697030  0.82998001 -0.31986142  4.999375e+01
  38.50  1.656866e+03 -5.153779e+02  5.952095e+03  0.67646112  0.01189998 -0.73638220 -0.69420115 -0.32359043 -0.64294167 -0.24593723  0.94612242 -0.21063536  4.999375e+01
  38.75  1.673908e+03 -5.211768e+02  5.948972e+03  0.56443607 -0.09318999 -0.82019970 -0.82531347 -0.08347175 -0.55847125 -0.01641957  0.99214318 -0.12402542  4.999375e+01
  39.00  1.690831e+03 -5.269347e+02  5.945262e+03  0.42348815 -0.14998562 -0.89339918 -0.88188552  0.15731995 -0.44444164  0.20720937  0.97609157 -0.06564701  4.999375e+01
  39.25  1.707634e+03 -5.326511e+02  5.940969e+03  0.26941519 -0.15935015 -0.94974891 -0.87257045  0.37689555 -0.31075802  0.40747547  0.91244577 -0.03750285  4.999375e+01
  39.50  1.724318e+03 -5.383261e+02  5.936097e+03  0.11498613 -0.12733618 -0.98517191 -0.81049939  0.56138100 -0.16715895  0.57434217  0.81770219 -0.03865487  4.999375e+01
  39.75  1.740884e+03 -5.439606e+02  5.930651e+03 -0.03079255 -0.06262179 -0.99756219 -0.70961519  0.70423633 -0.02230405  0.70391626  0.70719848 -0.06612260  4.999375e+01
  40.00  1.757336e+03 -5.495556e+02  5.924633e+03 -0.16231826  0.02549528 -0.98640903 -0.58245052  0.80445455  0.11663736  0.79649493  0.59346683 -0.11572792  4.999375e+01
  40.25  1.773677e+03 -5.551122e+02  5.918047e+03 -0.27656266  0.12833355 -0.95238836 -0.43921076  0.86460130  0.24404608  0.85475552  0.48579325 -0.18275096  4.999375e+01
  40.50  1.789910e+03 -5.606318e+02  5.910895e+03 -0.37220699  0.23840865 -0.89700795 -0.28771673  0.88920312  0.35572026  0.88242905  0.39048576 -0.26237346  4.999375e+01
  40.75  1.806040e+03 -5.661156e+02  5.903180e+03 -0.44895388  0.34957939 -0.82233489 -0.13377330  0.88362911  0.44866948  0.88348465  0.31143835 -0.34994433  4.999375e+01
  41.00  1.822069e+03 -5.715648e+02  5.894903e+03 -0.50706728  0.45695989 -0.73080123  0.01833667  0.85341665  0.52090669  0.86171140  0.25073428 -0.44111878  4.999375e+01
  41.25  1.838000e+03 -5.769801e+02  5.886069e+03 -0.54711125  0.55673737 -0.62507023  0.16539638  0.80392401  0.57127071  0.82055671  0.20916428 -0.53191821  4.999375e+01
  41.50  1.853835e+03 -5.823620e+02  5.876678e+03 -0.56983024  0.64597717 -0.50794389  0.30490320  0.74019372  0.59928899  0.76310388  0.18661927 -0.61874528  4.999375e+01
  41.75  1.869572e+03 -5.877106e+02  5.866736e+03 -0.57611469  0.72245519 -0.38229616  0.43483049  0.66693571  0.60507784  0.69210859  0.18236021 -0.69837701  4.999375e+01
  42.00  1.885211e+03 -5.930254e+02  5.856248e+03 -0.56700628  0.78453334 -0.25102055  0.55348630  0.58856625  0.58927302  0.61004655  0.19518507 -0.76794921  4.999375e+01
  42.25  1.900750e+03 -5.983056e+02  5.845217e+03 -0.54371043  0.83107965 -0.11698538  0.65944201  0.50926089  0.55298244  0.51914853  0.22351724 -0.82493930  4.999375e+01
  42.50  1.916186e+03 -6.035502e+02  5.833652e+03 -0.50759477  0.86142807  0.01700697  0.75150283  0.43299450  0.49775421  0.42141552  0.26543822 -0.86715137  4.999375e+01
  42.75  1.931514e+03 -6.087579e+02  5.821558e+03 -0.46016193  0.87536885  0.14825782  0.82869395  0.36355146  0.42555454  0.31861784  0.31868436 -0.89270541  4.999375e+01
  43.00  1.946731e+03 -6.139274e+02  5.808943e+03 -0.40299361  0.87315920  0.27420641  0.89024116  0.30449611  0.33875182  0.21228949  0.38062465 -0.90003225  4.999375e+01
  43.25  1.961833e+03 -6.190575e+02  5.795815e+03 -0.33767073  0.85554311  0.39245950  0.93553068  0.25909847  0.24010482  0.10373437  0.44823428 -0.88787680  4.999375e+01
  43.50  1.976817e+03 -6.241469e+02  5.782182e+03 -0.26568174  0.82377026  0.50081510  0.96404251  0.23021430  0.13275320 -0.00593666  0.51807715 -0.85531329  4.999375e+01
  43.75  1.991679e+03 -6.291945e+02  5.768052e+03 -0.18833732  0.77960572  0.59728048  0.97526301  0.22012199  0.02020835 -0.11572002  0.58631154 -0.80177780  4.999375e+01
  44.00  2.006417e+03 -6.341993e+02  5.753432e+03 -0.10671289  0.72532375  0.68008662  0.96859661  0.23032256 -0.09365965 -0.22457286  0.64873490 -0.72712451  4.999375e+01
  44.25  2.021027e+03 -6.391606e+02  5.738331e+03 -0.02164047  0.66367991  0.74770359  0.94331018  0.26131465 -0.20464741 -0.33120628  0.70088774 -0.63171099  4.999375e+01
  44.50  2.035510e+03 -6.440778e+02  5.722754e+03  0.06623480  0.59785435  0.79886365  0.89855300  0.31236622 -0.30826911 -0.43383804  0.73823947 -0.51651431  4.999375e+01
  44.75  2.049863e+03 -6.489509e+02  5.706709e+03  0.15632953  0.53135622  0.83259933  0.83349536  0.38131901 -0.39985159 -0.52994958  0.75647629 -0.38327153  4.999375e+01
  45.00  2.064088e+03 -6.537801e+02  5.690199e+03  0.24794214  0.46787647  0.84830201  0.74761207  0.46448015 -0.47469399 -0.61611760  0.75189746 -0.23462590  4.999375e+01
  45.25  2.078187e+03 -6.585658e+02  5.673228e+03  0.34005339  0.41107814  0.84580048  0.64110138  0.55666857 -0.52830779 -0.68800633  0.72189671 -0.07424572  4.999375e+01
  45.50  2.092161e+03 -6.633092e+02  5.655799e+03  0.43116043  0.36432406  0.82545058  0.51537598  0.65148245 -0.55673891 -0.74059995  0.66546119  0.09312958  4.999375e+01
  45.75  2.106016e+03 -6.680116e+02  5.637910e+03  0.51920541  0.33036349  0.78821679  0.37350638  0.74182183 -0.55695006 -0.76871238  0.58357548  0.26176504  4.999375e+01
  46.00  2.119758e+03 -6.726751e+02  5.619561e+03  0.60164758  0.31102618  0.73571931  0.22046341  0.82063563 -0.52721253 -0.76773438  0.47939533  0.42516354  4.999375e+01
  46.25  2.133391e+03 -6.773018e+02  5.600747e+03  0.67569228  0.30699308  0.67022026  0.06302249  0.88177865 -0.46743403 -0.73448493  0.35808052  0.57646356  4.999375e+01
  46.50  2.146925e+03 -6.818944e+02  5.581462e+03  0.73864145  0.31771232  0.59453150 -0.09073032  0.92079690 -0.37934297 -0.66796469  0.22625640  0.70896489  4.999375e+01
  46.75  2.160365e+03 -6.864552e+02  5.561701e+03  0.78828462  0.34149967  0.51184502 -0.23223086  0.93544790 -0.26646960 -0.56980363  0.09118768  0.81670596  4.999375e+01
  47.00  2.173714e+03 -6.909847e+02  5.541465e+03  0.82323056  0.37581291  0.42550688 -0.35343599  0.92582520 -0.13390560 -0.44426845 -0.04015426  0.89499340  4.999375e+01
  47.25  2.186964e+03 -6.954804e+02  5.520772e+03  0.84309517  0.41764189  0.33877099 -0.44776534  0.89406887  0.01212671 -0.29781998 -0.16191388  0.94079071  4.999375e+01
  47.50  2.200105e+03 -6.999390e+02  5.499639e+03  0.84850964  0.46392200  0.25457370 -0.51077845  0.84376481  0.16482211 -0.13833572 -0.26988391  0.95290393  4.999375e+01
  47.75  2.213129e+03 -7.043577e+02  5.478088e+03  0.84096958  0.51187697  0.17536284 -0.54046674  0.77921595  0.31736132  0.02580443 -0.36166900  0.93194939  4.999375e+01
  48.00  2.226029e+03 -7.087338e+02  5.456134e+03  0.82258489  0.55923643  0.10299857 -0.53716546  0.70477039  0.46341338  0.18656731 -0.43652412  0.88013597  4.999375e+01
  48.25  2.238797e+03 -7.130653e+02  5.433797e+03  0.79580080  0.60431897  0.03872551 -0.50318199  0.62432864  0.59751287  0.33691092 -0.49498719  0.80092366  4.999375e+01
  48.50  2.251428e+03 -7.173504e+02  5.411089e+03  0.76314619  0.64600755 -0.01679662 -0.44227456  0.54106886  0.71528854  0.47116993 -0.53844101  0.69862735  4.999375e+01
  48.75  2.263921e+03 -7.215881e+02  5.388025e+03  0.72704098  0.68365850 -0.06342294 -0.35910292  0.45736327  0.81355020  0.58519784 -0.56870897  0.57802561  4.999375e+01
  49.00  2.276272e+03 -7.257778e+02  5.364614e+03  0.68967058  0.71698389 -0.10143271 -0.25873655  0.37482620  0.89025879  0.67632085 -0.58774095  0.44401654  4.999375e+01
  49.25  2.288481e+03 -7.299192e+02  5.340864e+03  0.65292029  0.74593591 -0.13143332 -0.14626478  0.29443100  0.94441358  0.74317004 -0.59740272  0.30134412  4.999375e+01
  49.50  2.300549e+03 -7.340125e+02  5.316781e+03  0.61835495  0.77060881 -0.15426994 -0.02652185  0.21664733  0.97588961  0.78545130 -0.59935465  0.15440292  4.999375e+01
  49.75  2.312477e+03 -7.380585e+02  5.292369e+03  0.58722832  0.79116374 -0.17094688  0.09608087  0.14156966  0.98525454  0.80369855 -0.59499409  0.00711801  4.999375e+01
  50.00  2.324269e+03 -7.420581e+02  5.267628e+03  0.56050888  0.80777488 -0.18256382  0.21763299  0.06902483  0.97358690  0.79904048 -0.58543601 -0.13710943  4.999375e+01
  50.25  2.335927e+03 -7.460124e+02  5.242560e+03  0.53891026  0.82059379 -0.19026708  0.33473424 -0.00134150  0.94231162  0.77299982 -0.57151030 -0.27540379  4.999375e+01
  50.50  2.347455e+03 -7.499228e+02  5.217160e+03  0.52291834  0.82972753 -0.19521432  0.44445511 -0.06999303  0.89306250  0.72733490 -0.55376276 -0.40537729  4.999375e+01
  50.75  2.358859e+03 -7.537909e+02  5.191427e+03  0.51281800  0.83522158 -0.19855128  0.54426698 -0.13744072  0.82757689  0.66392105 -0.53246123 -0.52506560  4.999375e+01
  51.00  2.370143e+03 -7.576183e+02  5.165356e+03  0.50870719  0.83705184 -0.20139814  0.63195579 -0.20418131  0.74762415  0.58467844 -0.50759650 -0.63284826  4.999375e+01
  51.25  2.381312e+03 -7.614066e+02  5.138943e+03  0.51049749  0.83512407 -0.20484166  0.70553362 -0.27062865  0.65496751  0.49154311 -0.47888195 -0.72736335  4.999375e+01
  51.50  2.392394e+03 -7.652456e+02  5.112204e+03  0.51788787  0.82929046 -0.20992733  0.76316615 -0.33702291  0.55135558  0.38648360 -0.44574980 -0.80742649  4.999375e+01
  51.75  2.403388e+03 -7.693241e+02  5.085165e+03  0.53027119  0.81942019 -0.21763048  0.80315499 -0.40327514  0.43853304  0.27157786 -0.40733244 -0.87196660  4.999375e+01
  52.00  2.414179e+03 -7.736764e+02  5.057785e+03  0.54676272  0.80541068 -0.22883219  0.82391199 -0.46888870  0.31829611  0.14906226 -0.36257003 -0.91995838  4.999375e+01
  52.25  2.424656e+03 -7.782319e+02  5.030023e+03  0.56625887  0.78718704 -0.24431016  0.82394990 -0.53293765  0.19257213  0.02138820 -0.31034501 -0.95038335  4.999375e+01
  52.50  2.434820e+03 -7.828684e+02  5.001879e+03  0.58746610  0.76472189 -0.26473385  0.80191402 -0.59405548  0.06349803 -0.10870826 -0.24959673 -0.96222866  4.999375e+01
  52.75  2.444847e+03 -7.874678e+02  4.973421e+03  0.60889115  0.73808643 -0.29065441  0.75666551 -0.65041022 -0.06651207 -0.23813625 -0.17942955 -0.95451357  4.999375e+01
  53.00  2.454760e+03 -7.920149e+02  4.944677e+03  0.62874940  0.70760157 -0.32245033  0.68749771 -0.69960304 -0.19468560 -0.36334706 -0.09927541 -0.92634945  4.999375e+01
  53.25  2.464554e+03 -7.965075e+02  4.915670e+03  0.64493940  0.67400806 -0.36023090  0.59444121 -0.73866719 -0.31782137 -0.48030491 -0.00916057 -0.87705375  4.999375e+01
  53.50  2.474224e+03 -8.009435e+02  4.886421e+03  0.65514736  0.63857607 -0.40373572  0.47855417 -0.76427822 -0.43227851 -0.58460913  0.08999671 -0.80630810  4.999375e+01
  53.75  2.483768e+03 -8.053210e+02  4.856949e+03  0.65702239  0.60316532 -0.45223133  0.34217047 -0.77312532 -0.53403803 -0.67174471  0.19613474 -0.71434600  4.999375e+01
  54.00  2.493180e+03 -8.096387e+02  4.827272e+03  0.64840858  0.57019871 -0.50442020  0.18903173 -0.76242198 -0.61885356 -0.73745056  0.30591854 -0.60214660  4.999375e+01
  54.25  2.502461e+03 -8.138957e+02  4.797405e+03  0.62760138  0.54251778 -0.55838245  0.02423400 -0.73048802 -0.68249539 -0.77815758  0.41480321 -0.47160267  4.999375e+01
  54.50  2.511608e+03 -8.180915e+02  4.767360e+03  0.59357959  0.52311068 -0.61157051 -0.14604581 -0.67729058 -0.72107426 -0.79141259  0.51733227 -0.32562774  4.999375e+01
  54.75  2.520622e+03 -8.222264e+02  4.737143e+03  0.54616161  0.51473672 -0.66087336 -0.31502070 -0.60481196 -0.73141264 -0.77618906  0.60765830 -0.16817236  4.999375e+01
  55.00  2.529505e+03 -8.263010e+02  4.706759e+03  0.48605073  0.51950588 -0.70275766 -0.47587678 -0.51713315 -0.71141731 -0.73300476  0.68021096 -0.00413216  4.999375e+01
  55.25  2.538258e+03 -8.303165e+02  4.676209e+03  0.41476491  0.53849289 -0.73348175 -0.62234658 -0.42018284 -0.66040224 -0.66381835  0.73039153  0.16085211  4.999375e+01
  55.50  2.546887e+03 -8.342744e+02  4.645489e+03  0.33447952  0.57146430 -0.74936774 -0.74915568 -0.32118200 -0.57931674 -0.57174227  0.75516268  0.32068692  4.999375e+01
  55.75  2.555394e+03 -8.381768e+02  4.614593e+03  0.24783103  0.61677370 -0.74710774 -0.85227483 -0.22788410 -0.47084652 -0.46065973  0.75343150  0.46918395  4.999375e+01
  56.00  2.563785e+03 -8.420259e+02  4.583511e+03  0.15772796  0.67144464 -0.72407457 -0.92897724 -0.14774669 -0.33937031 -0.33484800  0.72617698  0.60045300  4.999375e+01
  56.25  2.572065e+03 -8.458237e+02  4.552234e+03  0.06719476  0.73142459 -0.67860366 -0.97775726 -0.08716703 -0.19076860 -0.19868471  0.67632831  0.70929853  4.999375e+01
  56.50  2.580237e+03 -8.495723e+02  4.520755e+03 -0.02075160  0.79196674 -0.61021148 -0.99818885 -0.05088285 -0.03209298 -0.05646587  0.60844032  0.79158827  4.999375e+01
  56.75  2.588304e+03 -8.532729e+02  4.489070e+03 -0.10321145  0.84808073 -0.51971769 -0.99078708 -0.04159779  0.12888205  0.08768328  0.52823168  0.84456080  4.999375e+01
  57.00  2.596268e+03 -8.569260e+02  4.457185e+03 -0.17751948  0.89498869 -0.40924575 -0.95689872 -0.05985045  0.28418789  0.22985140  0.44205562  0.86703815  4.999375e+01
  57.25  2.604127e+03 -8.605312e+02  4.425110e+03 -0.24137818  0.92852630 -0.28209126 -0.89860953 -0.10411397  0.42621730  0.36638434  0.35636945  0.85951343  4.999375e+01
  57.50  2.611879e+03 -8.640872e+02  4.392865e+03 -0.29299534  0.94543978 -0.14246878 -0.81863447 -0.17108320  0.54824096  0.49395479  0.27726190  0.82409617  4.999375e+01
  57.75  2.619522e+03 -8.675927e+02  4.360469e+03 -0.33119713  0.94354923  0.00482804 -0.72015940 -0.25608408  0.64481888  0.60965475  0.21008520  0.76432016  4.999375e+01
  58.00  2.627051e+03 -8.710466e+02  4.327944e+03 -0.35548103  0.92177549  0.15480049 -0.60662443 -0.35352475  0.71205832  0.71108371  0.15921746  0.68484287  4.999375e+01
  58.25  2.634466e+03 -8.744476e+02  4.295309e+03 -0.36598379  0.88005254  0.30259443 -0.48146815 -0.45731254  0.74769891  0.79639455  0.12795610  0.59108625  4.999375e+01
  58.50  2.641763e+03 -8.777952e+02  4.262579e+03 -0.36335627  0.81916708  0.44377642 -0.34787540 -0.56117649  0.75104171  0.86426554  0.11851681  0.48887507  4.999375e+01
  58.75  2.648944e+03 -8.810890e+02  4.229769e+03 -0.34855869  0.74057377  0.57450616 -0.20858261 -0.65886379  0.72276677  0.91378342  0.13209465  0.38412351  4.999375e+01
  59.00  2.656007e+03 -8.843291e+02  4.196886e+03 -0.32260485  0.64623340  0.69159851 -0.06579308 -0.74420690  0.66470096  0.94424434  0.16893335  0.28260244  4.999375e+01
  59.25  2.662954e+03 -8.875157e+02  4.163939e+03 -0.28629206  0.53851347  0.79248981  0.07875420 -0.81108626  0.57960060  0.95490033  0.22834695  0.18979736  4.999375e+01
  59.50  2.669786e+03 -8.906495e+02  4.130931e+03 -0.23995846  0.42018085  0.87513884  0.22353050 -0.85333946  0.47100519  0.94469786  0.30864190  0.11084278  4.999375e+01
  59.75  2.676504e+03 -8.937310e+02  4.097867e+03 -0.18331321  0.29450565  0.93790335  0.36676003 -0.86469634  0.34320158  0.91207639  0.40689884  0.05049736  4.999375e+01
  60.00  2.683109e+03 -8.967610e+02  4.064749e+03 -0.11539511  0.16547991  0.97943880  0.50576392 -0.83885338  0.20131535  0.85491919  0.51859561  0.01310581  4.999375e+01
  60.25  2.689604e+03 -8.997401e+02  4.031579e+03 -0.03472833  0.03812853  0.99866919  0.63615621 -0.76983868  0.05151401  0.77077832  0.63709860  0.00247951  4.999375e+01
  60.50  2.695989e+03 -9.026690e+02  3.998363e+03  0.06024610 -0.08115940  0.99487867  0.75103040 -0.65284332 -0.09873669  0.65751330  0.75313263  0.02162191  4.999375e+01
  60.75  2.702266e+03 -9.055481e+02  3.965103e+03  0.17040062 -0.18442689  0.96796196  0.84041613 -0.48566387 -0.24048146  0.51445540  0.85446903  0.07223791  4.999375e+01
  61.00  2.708435e+03 -9.083783e+02  3.931803e+03  0.29482874 -0.26231205  0.91884079  0.89145091 -0.27074723 -0.36333347  0.34408035  0.92622261  0.15401425  4.999375e+01
  61.25  2.714500e+03 -9.111602e+02  3.898463e+03  0.42961527 -0.30486875  0.84999163  0.88980251 -0.01749065 -0.45601049  0.15389025  0.95223375  0.26375873  4.999375e+01
  61.50  2.720462e+03 -9.138952e+02  3.865078e+03  0.56690168 -0.30325003  0.76593858  0.82270387  0.25604203 -0.50754391 -0.04219976  0.91786813  0.39463563  4.999375e+01
  61.75  2.726326e+03 -9.165851e+02  3.831637e+03  0.69488138 -0.25213680  0.67347376  0.68334646  0.52323600 -0.50917749 -0.22400333  0.81403386  0.53588374  4.999375e+01
  62.00  2.732097e+03 -9.192323e+02  3.798120e+03  0.79928465 -0.15226368  0.58134311  0.47538145  0.75199294 -0.45663891 -0.36763640  0.64134421  0.67343974  4.999375e+01
  62.25  2.737781e+03 -9.218395e+02  3.764501e+03  0.86637404 -0.01193446  0.49925303  0.21544327  0.91083136 -0.35209436 -0.45053326  0.41260612  0.79169184  4.999375e+01
  62.50  2.743385e+03 -9.244100e+02  3.730747e+03  0.88659773  0.15351580  0.43632254 -0.06821021  0.97639619 -0.20493378 -0.45748424  0.15193217  0.87614199  4.999375e+01
  62.75  2.748914e+03 -9.269464e+02  3.696834e+03  0.85740507  0.32454328  0.39940982 -0.34125266  0.93946653 -0.03080993 -0.38523132 -0.10988307  0.91625463  4.999375e+01
  63.00  2.754371e+03 -9.294492e+02  3.662761e+03  0.78391681  0.48156335  0.39188158 -0.57112737  0.80685895  0.15097073 -0.24349119 -0.34216279  0.90754430  4.999375e+01
  63.25  2.759750e+03 -9.319167e+02  3.628561e+03  0.67718354  0.60881286  0.41324250 -0.73397475  0.59858693  0.32089681 -0.05199545 -0.52061559  0.85220648  4.999375e+01
  63.50  2.765047e+03 -9.343465e+02  3.594277e+03  0.55097055  0.69651578  0.45967077 -0.81807152  0.34195089  0.46241602  0.16489522 -0.63082118  0.75820460  4.999375e+01
  63.75  2.770257e+03 -9.367364e+02  3.559948e+03  0.41854847  0.74097221  0.52514508 -0.82322431  0.06532814  0.56394500  0.38356082 -0.66835052  0.63732933  4.999375e+01
  64.00  2.775377e+03 -9.390852e+02  3.525603e+03  0.29059832  0.74317254  0.60269992 -0.75745797 -0.20619399  0.61946869  0.58464522 -0.63653642  0.50300234  4.999375e+01
  64.25  2.780406e+03 -9.413920e+02  3.491265e+03  0.17454505  0.70690319  0.68543556 -0.63298942 -0.45266252  0.62802949  0.75422704 -0.54349290  0.36845223  4.999375e+01
  64.50  2.785344e+03 -9.436568e+02  3.456945e+03  0.07501215  0.63710974  0.76711431 -0.46300627 -0.65907730  0.59265699  0.88317516 -0.39963521  0.24554700  4.999375e+01
  64.75  2.790190e+03 -9.458799e+02  3.422652e+03 -0.00513503  0.53888838  0.84236153 -0.25992261 -0.81413832  0.51924852  0.96561580 -0.21628245  0.14424990  4.999375e+01
  65.00  2.794947e+03 -9.480619e+02  3.388386e+03 -0.06363191  0.41716835  0.90659889 -0.03512233 -0.90881325  0.41572213  0.99735520 -0.00538867  0.07248145  4.999375e+01
  65.25  2.799615e+03 -9.502034e+02  3.354149e+03 -0.09787652  0.27699811  0.95587250  0.20014040 -0.93538240  0.29155374  0.97486615  0.21984497  0.03611346  4.999375e+01
  65.50  2.804197e+03 -9.523051e+02  3.319942e+03 -0.10444606  0.12429263  0.98673318  0.43316284 -0.88742412  0.15763373  0.89524353  0.44388037  0.03884900  4.999375e+01
  65.75  2.808693e+03 -9.543676e+02  3.285766e+03 -0.07927131 -0.03315981  0.99630140  0.64815292 -0.76105797  0.02624045  0.75737299  0.64783578  0.08182269  4.999375e+01
  66.00  2.813106e+03 -9.563916e+02  3.251623e+03 -0.01864061 -0.18476415  0.98260609  0.82535079 -0.55753324 -0.08917827  0.56431251  0.80933238  0.16288800  4.999375e+01
  66.25  2.817436e+03 -9.583778e+02  3.217511e+03  0.07893947 -0.31678733  0.94520598  0.94192763 -0.28675300 -0.17477142  0.32640603  0.90411200  0.27575461  4.999375e+01
  66.50  2.821685e+03 -9.603272e+02  3.183423e+03  0.21036579 -0.41328740  0.88596826  0.97553146  0.02949650 -0.21787227  0.06391090  0.91012278  0.40937991  4.999375e+01
  66.75  2.825858e+03 -9.622413e+02  3.149345e+03  0.36592881 -0.45876425  0.80971073  0.91046560  0.35666672 -0.20938299 -0.19273944  0.81383304  0.54820369  4.999375e+01
  67.00  2.829958e+03 -9.641221e+02  3.115254e+03  0.52895807 -0.44226093  0.72429872  0.74481298  0.65100828 -0.14643034 -0.40676404  0.61692259  0.67375777  4.999375e+01
  67.25  2.833990e+03 -9.659717e+02  3.081122e+03  0.67812629 -0.36155525  0.63986134  0.49519287  0.86810648 -0.03428062 -0.54307344  0.34010136  0.76772541  4.999375e+01
  67.50  2.837959e+03 -9.677919e+02  3.046924e+03  0.79219295 -0.22539181  0.56712332  0.19582462  0.97404001  0.11357276 -0.57799917  0.02108517  0.81576490  4.999375e+01
  67.75  2.841865e+03 -9.695838e+02  3.012651e+03  0.85540920 -0.05225777  0.51530983 -0.10893771  0.95449132  0.27763086 -0.50636714 -0.29362467  0.81078781  4.999375e+01
  68.00  2.845709e+03 -9.713470e+02  2.978319e+03  0.86114568  0.13403713  0.49036943 -0.37572670  0.81757787  0.43634375 -0.34242893 -0.56000042  0.75441498  4.999375e+01
  68.25  2.849488e+03 -9.730804e+02  2.943960e+03  0.81225163  0.30996646  0.49413366 -0.57195923  0.58951302  0.57038324 -0.11449855 -0.74591903  0.65612109  4.999375e+01
  68.50  2.853199e+03 -9.747828e+02  2.909608e+03  0.71852812  0.45667303  0.52456371 -0.68052395  0.30597351  0.66578327  0.14354267 -0.83536217  0.53062751  4.999375e+01
  68.75  2.856841e+03 -9.764535e+02  2.875291e+03  0.59304046  0.56183634  0.57675206 -0.69887913  0.00347513  0.71523135  0.39983867 -0.82724111  0.39471659  4.999375e+01
  69.00  2.860413e+03 -9.780920e+02  2.841028e+03  0.44901613  0.61924415  0.64414377 -0.63477512 -0.28628621  0.71770519  0.62884423 -0.73114765  0.26453366  4.999375e+01
  69.25  2.863915e+03 -9.796985e+02  2.806828e+03  0.29820450  0.62715720  0.71954703 -0.50142600 -0.53851687  0.67717911  0.81218597 -0.56273745  0.15388477  4.999375e+01
  69.50  2.867349e+03 -9.812735e+02  2.772693e+03  0.15067311  0.58658133  0.79575119 -0.31402404 -0.73485230  0.60114973  0.93738280 -0.34046210  0.07347816  4.999375e+01
  69.75  2.870715e+03 -9.828174e+02  2.738625e+03  0.01552806  0.50016027  0.86579362 -0.08822791 -0.86183508  0.49945583  0.99597927 -0.08414274  0.03074547  4.999375e+01
  70.00  2.874014e+03 -9.843308e+02  2.704623e+03 -0.09806901  0.37197960  0.92304585  0.15963436 -0.90962634  0.38353200  0.98229290  0.18496244  0.02982543  4.999375e+01
  70.25  2.877248e+03 -9.858143e+02  2.670687e+03 -0.18017726  0.20826753  0.96133282  0.41136960 -0.87179946  0.26597133  0.89348263  0.44338508  0.07140350  4.999375e+01
  70.50  2.880418e+03 -9.872685e+02  2.636817e+03 -0.22017700  0.01872540  0.97528019  0.64569998 -0.74661727  0.16010680  0.73115910  0.66499023  0.15229696  4.999375e+01
  70.75  2.883525e+03 -9.886938e+02  2.603011e+03 -0.20811428 -0.18207685  0.96100805  0.83814413 -0.53965927  0.07926084  0.50418534  0.82195857  0.26491745  4.999375e+01
  71.00  2.886572e+03 -9.900912e+02  2.569262e+03 -0.13739688 -0.37413541  0.91713946  0.96306631 -0.26692890  0.03538694  0.23157152  0.88812818  0.39699241  4.999375e+01
  71.25  2.889559e+03 -9.914616e+02  2.535557e+03 -0.00831272 -0.53331638  0.84587501  0.99837580  0.04325195  0.03708135 -0.05636183  0.84480939  0.53209063  4.999375e+01
  71.50  2.892491e+03 -9.928065e+02  2.501873e+03  0.16898158 -0.63515809  0.75367063  0.93205329  0.35163143  0.08736138 -0.32050257  0.68769873  0.65142042  4.999375e+01
  71.75  2.895371e+03 -9.941274e+02  2.468186e+03  0.37382253 -0.66065014  0.65099778  0.76806122  0.61396253  0.18202189 -0.51994103  0.43196227  0.73693278  4.999375e+01
  72.00  2.898201e+03 -9.954255e+02  2.434471e+03  0.57800004 -0.60201164  0.55090647  0.52842285  0.79056112  0.30948732 -0.62184021  0.11222788  0.77506107  4.999375e+01
  72.25  2.900982e+03 -9.967015e+02  2.400721e+03  0.75185161 -0.46580871  0.46662769  0.24946537  0.85608853  0.45263613 -0.61031646 -0.22390775  0.75985468  4.999375e+01
  72.50  2.903716e+03 -9.979554e+02  2.366950e+03  0.87115996 -0.27171443  0.40896405 -0.02682889  0.80533531  0.59221217 -0.49026578 -0.52688358  0.69428608  4.999375e+01
  72.75  2.906400e+03 -9.991866e+02  2.333185e+03  0.92196168 -0.04743401  0.38436529 -0.26269963  0.65264011  0.71066855 -0.28456207 -0.75618179  0.58924827  4.999375e+01
  73.00  2.909033e+03 -1.000394e+03  2.299455e+03  0.90164751  0.17778319  0.39423966 -0.43165562  0.42593132  0.79514523 -0.02655556 -0.88711648  0.46078102  4.999375e+01
  73.25  2.911614e+03 -1.001578e+03  2.265786e+03  0.81682363  0.37838862  0.43545518 -0.52072590  0.15874083  0.83883603  0.24828149 -0.91193388  0.32670002  4.999375e+01
  73.50  2.914142e+03 -1.002738e+03  2.232191e+03  0.67974924  0.53516564  0.50153635 -0.52865234 -0.11649482  0.84080656  0.50839716 -0.83667598  0.20372930  4.999375e+01
  73.75  2.916619e+03 -1.003874e+03  2.198679e+03  0.50515166  0.63544778  0.58397596 -0.46221293 -0.37223015  0.80486268  0.72882166 -0.67649896  0.10567950  4.999375e+01
  74.00  2.919045e+03 -1.004987e+03  2.165251e+03  0.30837178  0.67201168  0.67328088 -0.33273186 -0.58686766  0.73815707  0.89117695 -0.45164881  0.04262628  4.999375e+01
  74.25  2.921421e+03 -1.006077e+03  2.131906e+03  0.10489556  0.64181258  0.75965356 -0.15389647 -0.74418972  0.64999811  0.98250333 -0.18508992  0.02071049  4.999375e+01
  74.50  2.923748e+03 -1.007144e+03  2.098643e+03 -0.08923365  0.54537342  0.83342977  0.05893655 -0.83241045  0.55101663  0.99426548  0.09828870  0.04213660  4.999375e+01
  74.75  2.926027e+03 -1.008190e+03  2.065462e+03 -0.25686829  0.38717562  0.88550196  0.28838640 -0.84379530  0.45259560  0.92241637  0.37162418  0.10508807  4.999375e+01
  75.00  2.928258e+03 -1.009213e+03  2.032360e+03 -0.37987044  0.17694006  0.90795962  0.51443165 -0.77534930  0.36632436  0.76880331  0.60623896  0.20350871  4.999375e+01
  75.25  2.930444e+03 -1.010216e+03  1.999335e+03 -0.44056598 -0.06878791  0.89508091  0.71447321 -0.63054821  0.30321114  0.54353441  0.77309584  0.32694521  4.999375e+01
  75.50  2.932585e+03 -1.011198e+03  1.966376e+03 -0.42483597 -0.32578991  0.84461550  0.86493703 -0.42146762  0.27248667  0.26720468  0.84630136  0.46084236  4.999375e+01
  75.75  2.934683e+03 -1.012161e+03  1.933465e+03 -0.32639768 -0.56331509  0.75903930  0.94479761 -0.17007094  0.28005957 -0.02867126  0.80854931  0.58772951  4.999375e+01
  76.00  2.936742e+03 -1.013105e+03  1.900581e+03 -0.15087284 -0.74807124  0.64624051  0.94045990  0.09280450  0.32699007 -0.30458589  0.65709721  0.68952933  4.999375e+01
  76.25  2.938762e+03 -1.014031e+03  1.867698e+03  0.08238599 -0.85074713  0.51907791  0.85033586  0.33164218  0.40858583 -0.51975135  0.40772881  0.75074346  4.999375e+01
  76.50  2.940746e+03 -1.014941e+03  1.834800e+03  0.34234383 -0.85317611  0.39356222  0.68691993  0.51305726  0.51469726 -0.64104736  0.09414231  0.76170566  4.999375e+01
  76.75  2.942694e+03 -1.015835e+03  1.801886e+03  0.59223183 -0.75331019  0.28598114  0.47487990  0.61303937  0.63140463 -0.65096125 -0.23813122  0.72079330  4.999375e+01
  77.00  2.944606e+03 -1.016712e+03  1.768976e+03  0.79740779 -0.56578947  0.20981678  0.24551242  0.62180834  0.74369216 -0.55123902 -0.54151330  0.63474316  4.999375e+01
  77.25  2.946481e+03 -1.017572e+03  1.736095e+03  0.93211422 -0.31793445  0.17343807  0.02974244  0.54447589  0.83824901 -0.36094109 -0.77618535  0.51696986  4.999375e+01
  77.50  2.948318e+03 -1.018415e+03  1.703269e+03  0.98287122 -0.04312682  0.17917659 -0.14762327  0.39777609  0.90552833 -0.11032472 -0.91646836  0.38459615  4.999375e+01
  77.75  2.950117e+03 -1.019240e+03  1.670519e+03  0.94816009  0.22566033  0.22376296 -0.27072573  0.20480202  0.94061879  0.16643324 -0.95243559  0.25527715  4.999375e+01
  78.00  2.951878e+03 -1.020048e+03  1.637855e+03  0.83571316  0.46023265  0.29961546 -0.33257288 -0.01001481  0.94302438  0.43701120 -0.88774186  0.14469139  4.999375e+01
  78.25  2.953602e+03 -1.020839e+03  1.605282e+03  0.65923324  0.63899366  0.39635671 -0.33319481 -0.22430001  0.91578967  0.67408661 -0.73578299  0.06504334  4.999375e+01
  78.50  2.955289e+03 -1.021612e+03  1.572799e+03  0.43587131  0.74691910  0.50212355 -0.27738868 -0.41926246  0.86445041  0.85619608 -0.51607252  0.02444242  4.999375e+01
  78.75  2.956939e+03 -1.022369e+03  1.540406e+03  0.18494066  0.77481480  0.60453204 -0.17298646 -0.57987274  0.79613020  0.96740510 -0.25181270  0.02679042  4.999375e+01
  79.00  2.958554e+03 -1.023110e+03  1.508100e+03 -0.07237037  0.71883613  0.69140230 -0.02999768 -0.69447520  0.71889105  0.99692661  0.03128595  0.07182284  4.999375e+01
  79.25  2.960135e+03 -1.023835e+03  1.475882e+03 -0.31295439  0.58081921  0.75147096  0.13949145 -0.75452690  0.64127318  0.93946883  0.30551303  0.15511319  4.999375e+01
  79.50  2.961682e+03 -1.024545e+03  1.443747e+03 -0.51224785  0.36944965  0.77531226  0.32108770 -0.75489950  0.57186487  0.79655812  0.54187978  0.26806990  4.999375e+01
  79.75  2.963196e+03 -1.025239e+03  1.411689e+03 -0.64595544  0.10174269  0.75656460  0.49811407 -0.69483784  0.51873187  0.57846689  0.71193314  0.39815482  4.999375e+01
  80.00  2.964678e+03 -1.025919e+03  1.379694e+03 -0.69339579 -0.19618004  0.69333663  0.65245991 -0.57927210  0.48861018  0.30577500  0.79117459  0.52966444  4.999375e+01
  80.25  2.966130e+03 -1.026585e+03  1.347743e+03 -0.64207969 -0.49023481  0.58940945  0.76658238 -0.41980739  0.48591482  0.00922608  0.76382694  0.64535516  4.999375e+01
  80.50  2.967554e+03 -1.027238e+03  1.315813e+03 -0.49221646 -0.74228689  0.45467914  0.82646998 -0.23454332  0.51179762 -0.27325871  0.62769388  0.72892391  4.999375e+01
  80.75  2.968950e+03 -1.027879e+03  1.283881e+03 -0.25923405 -0.91660921  0.30434398  0.82475276 -0.04611864  0.56360975 -0.50257396  0.39711537  0.76793150  4.999375e+01
  81.00  2.970321e+03 -1.028508e+03  1.251936e+03  0.02733074 -0.98726711  0.15670575  0.76275450  0.12192149  0.63509111 -0.64611036  0.10217050  0.75637463  4.999375e+01
  81.25  2.971666e+03 -1.029125e+03  1.219985e+03  0.32889192 -0.94389060  0.03001067  0.65048471  0.24946564  0.71738173 -0.68461650 -0.21641957  0.69603363  4.999375e+01
  81.50  2.972985e+03 -1.029730e+03  1.188049e+03  0.60535458 -0.79363130 -0.06078808  0.50439397  0.32341096  0.80061981 -0.61573741 -0.51532001  0.59608115  4.999375e+01
  81.75  2.974277e+03 -1.030322e+03  1.156155e+03  0.82251744 -0.55869876 -0.10639904  0.34372200  0.33927002  0.87564321 -0.45312277 -0.75680351  0.47109256  4.999375e+01
  82.00  2.975542e+03 -1.030903e+03  1.124325e+03  0.95699115 -0.27078341 -0.10413588  0.18680954  0.30052315  0.93530104 -0.22196876 -0.91452839  0.33818292  4.999375e+01
  82.25  2.976779e+03 -1.031470e+03  1.092577e+03  0.99772226  0.03530667 -0.05747817  0.04851785  0.21638283  0.97510230  0.04686490 -0.97566998  0.21417696  4.999375e+01
  82.50  2.977989e+03 -1.032025e+03  1.060919e+03  0.94476265  0.32678071  0.02525693 -0.06081877  0.09906829  0.99322029  0.32206307 -0.93989353  0.11347042  4.999375e+01
  82.75  2.979173e+03 -1.032568e+03  1.029354e+03  0.80672209  0.57587881  0.13252567 -0.13517285 -0.03848612  0.99007430  0.57526321 -0.81662868  0.04679557  4.999375e+01
  83.00  2.980331e+03 -1.033099e+03  9.978806e+02  0.59825042  0.76097854  0.25101414 -0.17193822 -0.18405207  0.96776138  0.78264531 -0.62212258  0.02073207  4.999375e+01
  83.25  2.981462e+03 -1.033619e+03  9.664984e+02  0.33830188  0.86661615  0.36678098 -0.17096449 -0.32667513  0.92954532  0.92537721 -0.37717345  0.03764578  4.999375e+01
  83.50  2.982569e+03 -1.034126e+03  9.352053e+02  0.04926956  0.88332601  0.46616270 -0.13389448 -0.45667523  0.87949986  0.98977006 -0.10574918  0.09577229  4.999375e+01
  83.75  2.983652e+03 -1.034623e+03  9.039995e+02 -0.24342564  0.80793619  0.53664054 -0.06395118 -0.56544925  0.82230006  0.96780897  0.16585012  0.18931332  4.999375e+01
  84.00  2.984710e+03 -1.035108e+03  8.728764e+02 -0.51198200  0.64451963  0.56786342  0.03388374 -0.64541040  0.76308408  0.85832763  0.40992665  0.30859978  4.999375e+01
  84.25  2.985745e+03 -1.035583e+03  8.418273e+02 -0.72781272  0.40569617  0.55290077  0.15251729 -0.69029102  0.70727419  0.66860087  0.59909008  0.44052691  4.999375e+01
  84.50  2.986758e+03 -1.036048e+03  8.108372e+02 -0.86452955  0.11351787  0.48959407  0.28254033 -0.69586763  0.66025692  0.41564362  0.70914169  0.56952475  4.999375e+01
  84.75  2.987750e+03 -1.036503e+03  7.798858e+02 -0.90216980 -0.20107609  0.38165176  0.41250726 -0.66095410  0.62687913  0.12620388  0.72298554  0.67923817  4.999375e+01
  85.00  2.988722e+03 -1.036949e+03  7.489493e+02 -0.83175504 -0.50106297  0.23899677  0.52991408 -0.58830259  0.61081186 -0.16545279  0.63469360  0.75484397  4.999375e+01
  85.25  2.989676e+03 -1.037386e+03  7.180073e+02 -0.65865710 -0.74849872  0.07694470  0.62282139 -0.48495316  0.61393317 -0.42221362  0.45229425  0.78559886  4.999375e+01
  85.50  2.990610e+03 -1.037815e+03  6.870508e+02 -0.40322141 -0.91106277 -0.08589021  0.68174398 -0.36168119  0.63593385 -0.61044053  0.19786701  0.76694916  4.999375e+01
  85.75  2.991527e+03 -1.038235e+03  6.560881e+02 -0.09789195 -0.96811378 -0.23059243  0.70121597 -0.23151675  0.67431162 -0.70619639 -0.09568541  0.70152047  4.999375e+01
  86.00  2.992426e+03 -1.038647e+03  6.251409e+02  0.21856383 -0.91427260 -0.34107985  0.68049820 -0.10771282  0.72478973 -0.69939406 -0.39051705  0.59861873  4.999375e+01
  86.25  2.993305e+03 -1.039051e+03  5.942354e+02  0.50793331 -0.75943445 -0.40652560  0.62322967 -0.00178933  0.78203681 -0.59463311 -0.65058136  0.47239322  4.999375e+01
  86.50  2.994166e+03 -1.039446e+03  5.633947e+02  0.73842822 -0.52555294 -0.42251375  0.53625485  0.07778061  0.84046470 -0.40884532 -0.84719790  0.33926571  4.999375e+01
  86.75  2.995007e+03 -1.039832e+03  5.326348e+02  0.88814625 -0.24167800 -0.39088105  0.42813442  0.12599846  0.89488843 -0.16702444 -0.96214143  0.21537573  4.999375e+01
  87.00  2.995829e+03 -1.040209e+03  5.019646e+02  0.94591708  0.06100927 -0.31862007  0.30784514  0.14101001  0.94092909  0.10233402 -0.98812653  0.11460237  4.999375e+01
  87.25  2.996633e+03 -1.040577e+03  4.713869e+02  0.91027375  0.35296206 -0.21637812  0.18396460  0.12337052  0.97515985  0.37088911 -0.92746833  0.04736842  4.999375e+01
  87.50  2.997418e+03 -1.040938e+03  4.409014e+02  0.78762835  0.60846895 -0.09699033  0.06437787  0.07528318  0.99508187  0.61277816 -0.78999873  0.02012323  4.999375e+01
  87.75  2.998185e+03 -1.041289e+03  4.105064e+02  0.59053754  0.80659965  0.02573730 -0.04364547  0.00007626  0.99904708  0.80582907 -0.59109812  0.03524946  4.999375e+01
  88.00  2.998935e+03 -1.041633e+03  3.802002e+02  0.33649343  0.93151968  0.13799734 -0.13324107 -0.09797141  0.98622940  0.93221188 -0.35024662  0.09114995  4.999375e+01
  88.25  2.999668e+03 -1.041969e+03  3.499806e+02  0.04721167  0.97278661  0.22684195 -0.19784845 -0.21348912  0.95670183  0.97909502 -0.09004782  0.18238515  4.999375e+01
  88.50  3.000384e+03 -1.042298e+03  3.198430e+02 -0.25196029  0.92601082  0.28110492 -0.23141274 -0.33970192  0.91161985  0.93966172  0.16464074  0.29988209  4.999375e+01
  88.75  3.001084e+03 -1.042619e+03  2.897790e+02 -0.53306476  0.79391159  0.29248307 -0.22899113 -0.46817179  0.85345078  0.81449679  0.38796851  0.43136459  4.999375e+01
  89.00  3.001768e+03 -1.042933e+03  2.597743e+02 -0.76748725  0.58741434  0.25672499 -0.18772829 -0.58885197  0.78613704  0.61296118  0.55515561  0.56221067  4.999375e+01
  89.25  3.002438e+03 -1.043240e+03  2.298092e+02 -0.92904468  0.32612618  0.17469316 -0.10799419 -0.69067430  0.71505682  0.35385483  0.64545389  0.67688702  4.999375e+01
  89.50  3.003093e+03 -1.043541e+03  1.998601e+02 -0.99789603  0.03744538  0.05292781  0.00567740 -0.76274834  0.64667050  0.06458543  0.64561042  0.76093095  4.999375e+01
  89.75  3.003736e+03 -1.043835e+03  1.699047e+02 -0.96439491 -0.24616779 -0.09666370  0.14427011 -0.79602060  0.58782424 -0.22164969  0.55294903  0.80319287  4.999375e+01
  90.00  3.004366e+03 -1.044124e+03  1.399304e+02 -0.83166198 -0.49160867 -0.25818455  0.29489297 -0.78499867  0.54480751 -0.47050662  0.37695889  0.79782549  4.999375e+01
  90.25  3.004983e+03 -1.044408e+03  1.099406e+02 -0.61580791 -0.67033145 -0.41404875  0.44233420 -0.72901556  0.52237607 -0.65201309  0.13853539  0.74544408  4.999375e+01
  90.50  3.005588e+03 -1.044685e+03  7.995440e+01 -0.34344064 -0.76293373 -0.54770490  0.57122356 -0.63259644  0.52299655 -0.74548788 -0.13324367  0.65306504  4.999375e+01
  90.75  3.006180e+03 -1.044957e+03  4.999788e+01 -0.04707187 -0.76180312 -0.64609615  0.66821879 -0.50479019  0.54650756 -0.74247417 -0.40600845  0.53281258  4.999375e+01
  91.00  3.006759e+03 -1.045222e+03  2.009622e+01  0.24021413 -0.67120871 -0.70126745  0.72363942 -0.35770394  0.59024900 -0.64702640 -0.64925092  0.39978754  4.999375e+01
  91.25  3.007325e+03 -1.045482e+03 -9.731465e+00  0.48936130 -0.50516599 -0.71086766  0.73223075 -0.20473103  0.64955627 -0.47367040 -0.83838686  0.26971063  4.999375e+01
